1 24 24 180
2 24 24 329
3 24 24 183
4 24 24 146
5 24 24 220
6 24 24 422
7 24 24 335
8 24 24 271
9 24 24 260
10 24 24 362
11 24 24 294
12 24 24 206
13 24 24 313
14 24 24 217
15 24 24 185
16 24 24 305
17 24 24 179
18 24 24 382
19 24 24 151
20 24 24 311
21 24 24 228
22 24 24 348
23 24 24 417
24 24 24 178
25 24 24 272
26 24 24 411
27 24 24 284
28 24 24 291
29 24 24 182
30 24 24 213
31 24 24 359
32 24 24 195
33 24 24 186
34 24 24 355
35 24 24 215
36 24 24 340
37 24 24 257
38 24 24 425
39 24 24 318
40 24 24 370
41 24 24 387
42 24 24 430