10180017
10180017
10180019
10180019
10314021
10314021
11346546
11346546
13898649
13898649
13898653
13898653
14193763
14193763
14193765
14193765
14193769
14193769
14330326
14330326
14330328
14330328
14330330
14330330
14423757
14423757
14423759
15223347
15223347
15225423
15225423
15226718
15226718
15228564
15228564
15239064
15239064
15384338
15384338
16076693
16076693
16076695
16076695
16076697
16076697
16517013
16517013
16517017
16517017
16517019
16517019
16517021
16923361
16923361
17484121
17484121
18417157
18417157
20135552
20135552
20149054
20149054
20502776
20502776
20502778
20502778
20502780
20502780
20502782
20502782
20502784
20502784
20502786
20502786
20502788
20502788
20502790
20502790
20502798
20502798
21314553
21314553
21553381
21553381
21592834
21592834
22325441
22325441
28373838
28373838
28624704
28624704
28624706
28624706
28624710
28624710
29421122
29421122
29421124
29421124
29467501
29467501
29467505
29467505
29467507
29467507
31506015
31506015
31506019
31506019
32344781
33149333
33149333
33149335
33149335
34101047
34101047
37951207
37951207
37951211
37951211
37951213
37951213
38046728
38046728
38046730
38046730
39841264
40217880
40217880
40363749
40363749
40686601
40686601
40686636
40686636
42601003
42601005
42601005
42601007
42601007
44894796
44894796
44894798
44894798
44894800
44894800
44894802
44894802
44894804
44894804
44894806
44894806
44894808
44894808
44894810
44894810
44894812
44894812
46488024
46488024
50882029
50882029
51242709
51242709
51242711
51242711
51242713
51242713
51242715
51242715
51242717
51242717
51507373
51507373
52075909
52075914
52075917
53749464
53749464
56269870
56269870
56968517
66841000
66841000
70779665
70779665
70779667
70779667
70779669
70779669
70779671
70779675
70779675
70779677
70779677
75140321
75140321
77167275
77167275
79372123
79372123
81230695
81230695
84313477
84313477
88697586
88697586
89892723
89892723
94962951
94962951
105969543
108710067
108710067
108710068
108710068
110084641
110084641
110737469
110737469
114794319
114794319
115335478
115335478
115440753
115440753
115447715
115447715
115447717
115447717
115450125
115450125
115450129
115450129
115450173
115450173
115450175
115450175
115450177
115450177
115454323
115454323
115457700
115457704
115457752
115459572
115459804
115459804
115462831
115462831
115464485
115464485
115469300
115469366
115469370
115469372
115469374
115469374
115469382
115483270
115483270
115483358
115483358
115483360
115483360
115483362
115483362
115483364
115483364
115502168
115502168
115502388
115502388
116247825
116247825
116310398
116310398
116310399
116310399
116780554
116780554
116783139
116783139
116789983
116789983
118483277
118483277
118640560
118640560
122720916
122720916
125532861
125532861
125532912
125532912
125540564
125540564
125542041
125542041
125542063
125542063
125545048
125545048
125549272
125549272
125551519
125551519
125556368
125556369
125556369
125575655
125575655
125583143
125583143
125589868
125589874
129561847
129561847
130766289
130766289
145324020
145324020
145334147
145334147
147712812
147712812
147843387
147843387
147856837
148716918
148716918
148907399
148907399
148907999
148907999
148910648
148910648
150021967
150021971
150021973
157830392
159461066
159461066
159461068
159461068
159461070
159461070
159461072
159461072
162397441
162397441
162458364
162458364
162459584
162459584
162459933
162459933
162459936
162459936
162460198
162460198
162462394
162462394
162462863
162462863
162463154
162463154
162464437
164429847
164429847
164653331
164653331
167860794
167860794
167860796
167860796
168419914
168419914
169404532
171194259
171194259
171702239
171702239
171702241
171702241
171702243
171702243
171702245
171702245
194702918
195611774
195611774
195625610
195625610
195641550
195641550
195645006
195649719
195649719
195653663
195653663
205289905
205289905
212721110
212721110
212723036
212723036
215794080
215794080
217072574
217072574
217072656
217072656
217073906
217073906
217314609
217314609
217314611
217314611
217384812
217384812
217384814
217384814
217386921
217386921
217386925
217386925
218191921
218191921
218191922
218198699
218533693
218533693
219363631
219888095
219888095
222623384
222623384
222624035
222624035
222624036
222624036
222625451
222625451
222629254
222629254
222630844
222630844
222636038
222636039
222636040
223718831
223718831
223718833
223718833
223947381
223947381
224035445
224052849
224052849
224080161
224080161
224100999
224100999
224101377
224101377
224108996
224108996
224124736
224124736
224129938
224129938
224140591
224140591
224141413
224141413
225425652
225425652
225440374
225440374
225443047
225443047
225448683
225448683
225452857
225452857
225453519
225453519
225453525
225453525
225457387
225457387
225464253
225464253
225580053
225580053
226001015
226001015
226001017
226001017
226001019
226001019
226001029
226492431
226492431
226493239
226493239
226494269
226494269
226496816
226496816
226498300
226498300
226499066
226499066
226506340
226506340
226510546
226529030
226529030
226530030
226530030
226531576
226531576
226858197
226858198
226858198
242035097
242035097
242035099
242035099
242035101
242035101
242035103
242035103
242035105
242035105
242035109
242035109
242035111
242035111
242035113
242035113
242037247
242037247
242037249
242037249
242037251
242037251
242037253
242037253
242037291
242037291
242038721
242038721
242038723
242038723
242040215
242040215
242040227
242040227
242040289
242040289
242042583
242042583
242042585
242042585
242042597
242042597
242048360
242048360
242048364
242048364
242054809
242054809
242062100
242062100
242062446
242062446
242063030
242063030
242066486
242066486
242066488
242066488
242073794
242073794
242073938
242073938
242073940
242073940
242073942
242073942
242084686
242090861
242090861
242092794
242092794
242095544
242095544
255091051
255091051
255091052
255091052
255541170
255541170
255547365
255547365
255553797
255553797
255554491
255554491
255559687
255559687
255562904
255562904
255564788
255564788
255568976
255568976
255584259
255584259
255584757
255584757
255584815
255584815
255628231
255628231
256561133
256561133
259490058
261291388
261291388
283806867
285265622
285265622
289657782
289657782
289657784
289657784
293333409
293333409
293333857
297602455
297602471
297603135
297603135
297606308
297723013
297733962
297733962
297799148
297799148
297806529
297806529
297818536
297818536
297824547
297824547
297824547
297824547
297827697
297827697
297832676
297832676
297838721
297838721
297851004
297851004
299889029
299889029
299889031
299889031
300681512
300681512
300681586
300681586
302803131
302803131
302811880
302811880
306595233
306595233
307135842
307135842
312837043
312837043
324984055
324984055
324984071
324984071
325515204
325515204
326487664
326487664
326491019
326497499
326497499
326498293
326498293
326501846
326501846
326503250
326503250
326515630
326515630
326517611
326517611
326522512
326528241
326528241
326529519
326530826
326530826
326530866
326530866
326531222
326531582
326531582
326532620
326532620
330858331
330858331
332429342
332429342
345104099
345104099
345104119
345104119
345104147
345104147
345104157
345104157
345108721
345108721
345108723
345108723
345108725
345108725
347809958
347809958
347809960
347809960
350528645
350528645
350528647
350528647
350537039
350537039
350538399
350538399
350538529
350538529
351630227
351630227
351630229
351630229
351630231
351630231
351630235
351630235
351630237
351630237
351630243
351630243
351630245
351630245
351630247
351630247
351630249
351630249
351630251
351630251
351630253
351630253
351630259
351630259
351723619
351723619
351726379
351726379
356498332
356498332
356500942
356500942
356508543
356508543
356509072
356509072
356516814
356516814
356521670
356521670
356531754
356531754
356539591
356539591
356553168
356553168
356567941
356567941
357114484
357114484
357125644
357125644
357130468
357136882
357136882
357147313
357147313
357147355
357147355
357147358
357147358
357147367
357147367
357156373
357156792
357156792
357160650
357160650
357164865
357164865
357165152
357165152
357166592
357470085
357470085
357474905
357474905
357487123
357487123
357491477
357491477
357496445
357496445
358248036
358248036
358248299
358248299
358248428
358248428
359485502
359485502
361066259
363807960
363807960
363808108
363808108
364783480
364783511
364783542
364783607
364783637
365769203
365769203
365769205
365769205
365769207
365769207
365927260
365927260
377824012
377824012
377824014
377824014
383143138
383143146
384368000
384368000
387528019
387528019
387528021
387528021
387528023
387528023
388252787
388252787
388252789
388252789
388491032
388491032
388492954
388492954
388500004
388500004
388500676
388500676
388503184
388503184
388506168
388506168
388520603
388520603
388521059
388521059
388556556
388556556
391349168
391349168
401823909
401823909
413919319
413919319
413937964
413937964
413938100
413938100
413938402
413938402
413938411
413938411
413938412
413938412
413938419
413953739
413953739
413953798
413953798
413955239
413955281
413955281
413955288
413955289
413956994
413956994
414867715
414867715
414877205
414877205
414884448
414884448
429326520
429326520
429326522
429326522
429326526
429326526
429326528
429326528
429326530
429326530
449431962
449431962
449434774
449434774
449438082
449438082
449441252
449441252
449442289
449442289
449444350
449444350
449447375
449447375
451963244
451963244
451963246
451963246
460395545
460395545
460405388
460405388
470112151
470112151
470117167
470117167
470117579
470117579
470122527
470122527
470126752
470126752
470133485
470133485
470134611
470134611
470137046
470137046
470142532
470142532
470144164
470144164
470144285
470144285
473782375
473782375
473823341
473823341
473850105
473850105
473850106
473850106
473889776
473889776
473897850
473897850
473953959
473953959
474066310
474067870
474067870
474114059
474114059
474117305
474117305
474118794
474118794
474186221
474186221
474186222
474186222
474186222
474195812
474204587
474239106
474239106
474311848
474311848
474325779
474325779
474369409
474383474
474383474
474401530
474429026
474429026
474429027
474429027
474441443
474441443
475476405
475476405
475487105
475502940
475502940
475526721
475526721
475526722
475526722
475543506
475543506
475562957
475562957
475571658
475571658
475571659
475575250
475575250
475575251
475575251
475577595
475578107
475579224
475585225
475585225
475585841
475585841
475591570
475591570
475597167
475597167
475597168
475597168
475600701
475600701
475602150
475602150
475602151
475602151
475602152
475602152
475607087
475607087
475615016
475615016
475624101
475624102
475627358
475627358
475627359
475627359
502081074
502081074
502082859
502082859
502096368
502096368
502136785
502136785
502168726
502168726
502178580
502178580
502178585
502178585
502178592
502178596
502178600
502178600
502178604
502178604
502182941
502182941
506484958
506484992
506484992
514715403
514715403
514715884
514715884
514715888
514715888
514715896
514715896
514717964
514717964
514722932
514722932
514726975
514726975
514727665
514748961
514748961
514783646
514783646
514792970
514792970
514794300
514794307
514799135
514799135
514799137
514799137
514802856
514802856
514803108
514803108
514803110
514803110
514806621
514806621
514809776
514809776
514815122
514815122
514815124
514815124
514815126
514815126
514817945
514817945
514817947
514817947
514817952
514817952
514817956
514817956
514817958
514817958
514817962
514817962
514817964
514817964
514817966
514817966
514818049
514818049
514818075
514818075
514822799
514822799
514822803
514822803
514822811
514822811
514822890
514822890
514822892
514822892
525313712
525313712
525314205
525314205
525314485
525314485
525327286
525327286
525342607
525343633
525343633
525507009
525507009
527203879
527203879
527206130
527206130
533205870
533205870
548832411
548832411
548839928
548839928
565342622
565342622
565382316
565382316
565385802
565385802
565399624
565399624
565401038
565401038
565402490
565402490
565445152
565445152
565467650
565467650
565475724
565475724
565476377
565476377
565477703
565477703
565477729
565477729
565481352
565481352
565490195
565490195
565495666
565495666
566175606
566175606
566199648
566199648
566201210
566201210
566236405
566236405
567123799
567123799
567141306
567141306
567148010
567148010
567170616
567170616
567206343
567206343
567215184
567215184
567218700
567218700
567857850
567857850
567873949
567873949
567877175
567877175
567886782
567886782
567892389
567892389
567896258
567896258
567901754
567901754
567905684
567905684
567906475
567906475
567910065
567910065
568214251
568214251
568214912
568214912
568847288
568847288
568874089
568874089
568874248
568874248
571535360
571535360
571535364
571535364
571549172
571549172
571553733
571553733
572153009
572153009
573462566
573462566
573462568
573914510
573914510
573920046
573920046
573920048
573920048
573923305
573923305
573923307
573923307
573925596
573925596
573926855
573926855
573940422
573940422
573942466
573942466
573942541
573942541
573944382
573944382
573948050
573948052
573948054
573948056
573949849
573959683
573959683
573959717
573959717
573959719
573959719
573959721
573959721
573959723
573959723
573966121
573966121
573966123
573966123
574584355
574584355
586688505
586688505
586707788
586707788
589996939
589996939
589996941
589996941
590570380
590570380
590591649
590591649
590613662
590613662
590641372
590641372
590668078
590668078
590671403
590671403
590690638
590690638
590700043
590700043
590723411
590723411
590723415
590723415
590726375
590726375
593230538
593230538
593265102
593265102
593265104
593265104
593328406
593328406
593328408
593328408
593479640
593479640
593489993
593489993
593509206
593509206
593689550
593689550
593692654
593692654
593698788
593698788
593789136
593789136
593791212
593791212
595828729
595828729
595828863
595828863
595848372
595848372
595940290
595940290
596015370
596015370
596015912
596015912
596054974
596054974
596288863
596288863
602617368
602617368
604299011
604299011
604300253
604300253
604300359
604300359
604302881
604302881
604312479
604312479
604316581
604316581
604321368
604321368
604321369
604321369
604342986
604342986
604347861
604347861
614458161
629108016
629108016
629108018
629108018
629108024
629108024
629119142
629119142
632809795
632809795
641812937
641812937
641823724
641823724
641829037
641829037
641830600
641830600
641830892
641830892
641853781
641853781
641864273
643714808
643714808
645215649
645215649
645221447
645221447
645229735
645229735
645249503
645249503
645253424
645253424
645257466
645257466
645269280
645269280
646227275
646227275
657368774
657368774
657370558
657370558
657370575
657370575
657386997
657386997
657392357
657392357
657393649
657393649
657395138
657395138
657395139
657395139
657399726
657399726
657399727
657399727
657944488
657944488
657951782
657951782
657955794
657955794
657957495
657957495
657965774
657965774
657969339
657969339
657969341
657969341
657972681
657972681
657994304
657994304
658001755
658001755
658015176
658015176
658052106
658052106
658056351
658056351
658063271
658063271
658309505
658309505
659074767
659074767
659082194
659082194
659091109
659091109
659094870
659094870
659110635
659110635
659113827
659113827
659114203
659114203
659118828
659118828
661876892
661876892
661881596
661881596
661882331
661882331
661884015
661884015
661887068
661887068
661892891
661892891
661893803
661893803
661895773
661895773
663202707
663204319
667714322
667714322
669027679
669027679
669030293
669030293
669030299
669030299
669030719
669030719
669031443
669031443
670020474
670020474
670360034
670360034
670360051
670360051
670361631
670361631
670364252
670364252
670364254
670364254
670373638
670373638
670386542
670386542
670386544
670386544
670396182
670396184
670396186
670396194
670397570
670397570
670402751
670402751
670403990
670403990
670409505
670409505
670409870
670409870
670409874
670409874
670409876
670409876
670439090
670439090
670439140
670439140
670441554
670441554
670446656
670446656
670448121
670448121
671775228
671775228
672108183
672108183
672111269
672111269
672114442
672114442
672115348
672115348
672118848
672118848
672122520
672122520
672137011
672137011
672150312
672150312
672157687
672157687
672165353
672165353
672165604
672165604
672165833
672165833
672167702
672167702
672167705
672167705
672172851
672172851
672176474
672176474
673921579
673921579
673921632
673921632
673921772
673921772
674232184
674232184
674241008
674241008
674243141
674243141
674244537
674244537
674244537
674244537
674247684
674247684
674248612
674248612
674249567
674249567
674275731
674275731
674846779
674846779
674857088
674857088
674871898
674871898
674874556
674874556
674908112
674908112
674909260
674909260
674914129
674914129
674914290
674914290
674914291
674914291
674919138
674919138
674926344
674926344
674926344
674926344
674927626
674927626
674928451
674928451
674934394
674934394
674940038
674940038
674940038
674940038
674940038
674947241
674947241
674948088
674948088
674948088
674958466
674958466
674958467
674958467
674958469
674958469
674963929
674963929
685261229
685261229
685285576
685285576
685302436
685302436
685303979
685303979
685304762
685304762
685353028
685353028
685362077
685362077
685362081
685362081
685378785
685378785
687567931
687567931
687568956
687568956
688952631
688952631
688953075
688953075
688953937
688953937
694317633
694317633
694325407
694325407
694352584
694352584
694361128
694361128
694387018
694387018
694389664
694389664
694389792
694389792
694394998
694394998
694395000
694395000
694398405
694398405
694430315
694430315
694433586
694433586
694440156
694440156
694994535
694994535
695003868
695003868
695003870
695003870
695006195
695006195
695006500
695006500
695006502
695006502
695006504
695006504
695007519
695007519
695023432
695023432
695025320
695025320
695033063
695033063
695040467
695040467
695042708
695042708
695045447
695045447
695061641
695061641
695068278
695068278
695074251
695074251
695075085
695075085
695081290
695081292
695081292
695271543
695271543
695271625
695271625
695271627
695271627
697100458
697100458
697107141
697107141
697119760
697119760
697137716
697137716
697141302
697141302
697150470
697150470
697155357
697155357
697170066
697170066
697179096
698419337
698419337
698532336
698532336
698534425
698534425
698539311
698539311
698546072
698546072
698569709
698569709
698574443
698574443
698576673
698576673
698576680
698576680
702239463
702239463
702244779
702244779
702258193
702258193
702276393
702276393
702341451
702341451
702341457
702341457
702341467
702341467
702341492
702341492
702341497
702341497
702341503
702341503
702341513
702341513
702421723
702421723
702442979
702442979
702443003
702443003
702465880
702465880
702472470
702472470
702480776
702480776
702488240
702488240
702488243
702488243
703068051
703068051
703086950
703086950
703088702
703088702
703126693
703126693
703133221
703133221
703133221
703133221
703133221
703145237
703145237
703146025
703146025
719966034
719966034
719987631
719987631
719990895
719990895
720005676
720005676
720007455
720007455
720007458
720007458
720026608
720026608
720054793
720054793
720061947
720061947
720061947
720066116
720066116
720080435
720080435
720083602
720083602
721607661
721607661
721626610
721626610
721626683
721626683
721660620
721660620
721660625
721660625
721660632
721660632
721666129
721666129
721666135
721666135
721683457
721683457
721697058
721697058
721697058
721697058
723218828
723218828
723654674
723654674
727435429
727435429
727435431
727435431
727442816
727442816
727448364
727448364
727449607
727449607
727452780
727452780
727453954
727453954
727460309
727460309
727462272
727462272
727465497
727465497
727471060
727471060
727472334
727472334
727479529
727479529
727499218
727499218
727513816
727513816
727518762
727518762
727525821
727525821
727532759
727532759
727550719
727550719
727575269
727575269
727589555
727589555
727591447
727595927
727595927
727609344
727609344
727609346
727609346
727635787
727635787
728812953
728812953
728817578
728817578
728821635
728821635
728833963
728833963
728835284
728835284
728838682
728838682
728838954
728838954
728841071
728841071
728848143
728848143
728850473
728850473
729293362
729293362
729293365
729293365
729293368
729293368
729304417
729304417
729305767
729305767
729354636
729354636
729386594
729386594
729386598
729386598
729392005
729392005
729405234
729405234
729443764
729443764
729461484
729461484
730322284
730322284
731320066
731320066
731320068
731320068
731320070
731320070
731334968
731334968
731343947
731343947
731355801
731355801
731393303
731393303
731409363
731409363
734309321
734309321
734321592
734321592
734327785
734327785
734351179
734351179
734354166
734354166
734367916
734367916
734389435
734389435
734395100
734395100
734420791
734420791
734420948
734420948
734437045
734437045
736543817
736543817
736543818
736543818
743761037
743761037
743773451
743773451
743778382
743778382
743778384
743778384
743778386
743778386
743778878
743778878
743778880
743778882
743778882
743780469
743780469
743780684
743780684
743782402
743782402
743782406
743782406
743782536
743782536
743783034
743783034
743786997
743786997
743788572
743788572
743788709
743788709
743799429
743799429
743811441
743811441
743818623
743818623
743818881
743818881
743819986
743819986
743840118
743840118
743841740
743841740
743843231
743843231
743868275
743868275
743873210
743873210
743878933
743878933
743888077
743888077
743892744
743892744
743898832
743898832
743909325
743909325
743917000
743917000
743925331
743925331
743933994
743933994
747045534
747045534
747049866
747049866
747058369
747058369
747060198
747060198
747062290
747062290
747067844
747067844
747074543
747074543
747075566
747075566
747077674
747077674
747079998
747079998
747084160
747084160
747084254
747084254
747101061
747101061
763763159
763763159
763766115
763766115
763779470
763779470
763783875
763783875
764635044
764635044
765368334
765368334
769818948
769818948
769824649
769824649
769825686
769825686
778709684
778709684
802083964
802083964
802540774
802540774
802566916
802566916
802653114
802653114
802659421
802659421
802700926
802700926
802700932
802700932
802715326
802715326
802715332
802715332
802752642
802752642
802761146
802761146
802778441
802778441
802796166
802796166
806638589
806638589
823143038
823143038
823150956
823150956
823157653
823157653
823159754
823159754
823159756
823159756
823167275
823167275
823167277
823167277
823167279
823167279
823195464
823195464
823210169
823210169
823212052
823212052
823228890
823228890
823231000
823231000
823231002
823231002
823249122
823249122
823255750
823255750
823259560
823259560
823260118
823260118
823264122
823264122
